Taxonomy	PRK01002	SMG01004	SMG01005	LPK01006	RRM01008	RSM01009	MSY01012	YRB01013	MML01014	RRG01015	AEO01016	AR001017	EMS01018	APA01019	MRK01020	SSM01021	TSY01022	DBM01024	VHW01025	SMG01026	KSS01027	KRL01028	PBB01029	DLD01030	PDD01031
Bacteroidales	0.687044400265077	0.343375643574451	0.166284345210787	0.579102309221593	0.469873069276648	0.528470204414538	0.183284905948922	0.385188866799205	0.408982005403476	0.642503950655044	0.0272085436101341	0.0573737064790742	0.442256716113575	0.532204210633634	0.498738339195596	0.362389763980221	0.386985777641841	0.460875771014936	0.477978284141306	0.452400978742927	0.0144644950807973	0.35838813274201	0.140388438599174	0.589374012336239	0.588290768211246
Enterobacterales	0.0158281082734363	0.0203140133557629	0.0277820257939542	0.130116735484529	0.0310572462659938	0.0114314115308151	0.326222154253963	0.0979380129479533	0.029285823520416	0.00707294693378192	0.0121323341999286	0.00848753632053831	0.00621909568231636	0.0136871081205077	0.0187592394351838	0.0737752969363307	0.441249936279758	0.0948284651067951	0.0190905846969465	0.0130499056940409	0.396887903349136	0.0115461079675791	0.659198654228475	0.00781210174848346	0.0105265840852322
Lactobacillales	0.00782484579701279	0.0297446092674721	0.00219197634704593	0.00428200030585716	0.00867869704847836	0.284561859611561	0.0302033950145282	0.0129989294999235	0.0886985777641841	0.0119666615690473	0.434788703675384	0.638056277718306	0.0252332160880869	0.0235382576336851	0.0115715960646378	0.00224295254116328	0.0368430442983127	0.0417112708365194	0.0110363460264057	0.00406535148085844	0.0805933628995259	0.00586226232349493	0.0302543712086456	0.0244175969822093	0.00903553040729979
Oscillospirales	0.0913365958097568	0.168246928684305	0.330835499821583	0.13682010501096	0.176658000713667	0.00802875057348218	0.0158281082734363	0.192893918540042	0.0795228628230616	0.118532395371362	0.102691543049396	0.042947443543865	0.166054952337258	0.209091604220829	0.225684355406025	0.0584059744099506	0.0631849926084518	0.0549523372585003	0.130256920018351	0.144606718662385	0.0690599989804761	0.248330529642657	0.0390732527909466	0.183068257123923	0.172847530203395
Lachnospirales	0.0899474945200591	0.267994596523424	0.239588112351532	0.0459422949482592	0.161467094866697	0.0214864658204618	0.0748967732069124	0.101111281031758	0.0383213539277157	0.131187235560993	0.0262399959219045	0.0254626089616149	0.166271601162257	0.0774710710098384	0.159211398277005	0.0424121935056329	0.0358107763674364	0.0948029770097364	0.0541622062496814	0.0569531528776062	0.0281261151042463	0.158268338685834	0.0264439006983739	0.128829586583066	0.106782382627313
Peptostreptococcales-Tissierellales	0.00605342305143498	0.00272722638527808	0.00690727430290055	0.0035683335882143	0.00879339348524239	0.00452413722791456	0.217935973900189	0.0043966967426212	0.0647015343834429	0.00494469082938268	0.0558699087526125	0.116302186878728	0.00700922669113524	0.00741703624407402	0.0389075801600652	0.169636029974002	0.00364479787939032	0.0684865167966559	0.0115715960646378	0.00476627414997196	0.207791711270837	0.0186827751440077	0.00886985777641841	0.00992761380435337	0.018313197736657
Veillonellales-Selenomonadales	0.0485165927511852	0.105737370647907	0.0167074476219605	0.0296426568792374	0.0963322628332569	0.0918845898965183	0.0072386195646633	0.105890299230259	0.204363562216445	0.0331345261762757	0.119946984758118	0.00958352449406127	0.114250395065504	0.0203649895498802	0.0190650965998879	0	0.00921394708671051	0.115639496355202	0.150022939287353	0.201445175103227	0.0137763164602131	0.00448590508232655	0.0518937656114594	0.0104373757455268	0.0354029668144976
Erysipelotrichales	0.00448590508232655	0.0112529948514044	0.136743640719784	0.00494469082938268	0.0020772799102819	0.000968547688229597	0.020696334811643	0.00432023245144517	0.00421828006321048	0.0027017382882194	0.0235255135851557	0.00802875057348218	0.00500841107202936	0.0115078758219911	0.00604067900290564	0.163378702146098	0.0013508691441097	0.00974919712494265	0.00248508946322068	0.00298210735586481	0.0701432431054698	0.0206326145689963	0.00449864913085589	0.00584951827496559	0.00412907172350512
Bifidobacteriales	0.0145154712749146	0.00310954784115818	0.0425523780394556	0.0330580618850997	0.00249783351175001	0.03439618698068	0.034243258398328	0.00403986338379977	0.00850028036906765	0.00774838150583677	0.132703777335984	0.0672503440893103	0.0070984350308406	0.00720038741907529	0.0040526074323291	0.0169113523984299	0.00109598817352296	0.0105010959881735	0.00365754192791966	0.00101952388234694	0.0189758882601825	0.0112402508028751	0.00432023245144517	0.00271448233674874	0.00867869704847836
Aeromonadales	0.000790131008818882	5.09761941173472e-05	0	0	0.000203904776469389	0	0.00122342865881633	0.0056456134984962	0.00099403578528827	0.0045368812764439	0.000700922669113524	0.000815619105877555	0.0174720905337208	0.00144007748381506	0.00142733343528572	0.0264948768924912	0.000904827445582913	0.001210684610287	0.116225722587552	0.0808100117245246	0.000879339348524239	0.00258704185145537	0.00122342865881633	0.000892083397053576	0.00683081001172452
Clostridiales	0.000586226232349493	0.00182239893969516	0.00095580363970026	0.003670285976449	0.000662690523525514	0.000547994086761482	0.00158026201763776	0.000981291736758934	0.00629555997349238	0.0068562981087832	0.000535250038232146	0.00428200030585717	0.00194983942498853	0.0018351429882245	0.000509761941173472	0.0616684508334608	0.000254880970586736	0.00103226793087628	0.000547994086761482	0.0025615537543967	0.0772799102818983	0.0999643166641179	0.00451139317938523	0.00364479787939032	0.00853851251465566
Pasteurellales	0.000981291736758934	0.0268134781057246	0.000586226232349493	0.00493194678085334	0.00378498241321303	0.0057475658867309	0.0800071366671764	0.00438395269409186	0.0474715807717796	0.013317530713157	0.0199062038028241	0.0121960544425753	0.00138910128969771	0.00974919712494265	0.00127440485293368	0.00420553601468114	0.00957078044553194	0.0139419890910945	0.00435846459703319	0.00095580363970026	0.0101570066778814	0.00627007187643371	0.0039124228985064	0.000382321455880104	0.000739154814701534
Verrucomicrobiales	0.000420553601468114	0.000216648824998726	2.54880970586736e-05	1.27440485293368e-05	0.0107432329102309	0	2.54880970586736e-05	3.82321455880104e-05	0.000254880970586736	0.000140184533822705	5.09761941173472e-05	0.000101952388234694	7.64642911760208e-05	0.0456619258806138	8.92083397053576e-05	0	7.64642911760208e-05	5.09761941173472e-05	6.3720242646684e-05	3.82321455880104e-05	0	0.000267625019116073	0	0	0.000382321455880104
Burkholderiales	0.0111000662690524	0.000879339348524239	0.00149105367793241	0.000828363154406892	0.00156751796910843	0.00170770250293113	0.00095580363970026	0.0426798185247489	0.0114186674822858	0.000828363154406892	0.000726410766172198	0.00163123821175511	0.001210684610287	0.00239588112351532	0.00117245246469899	0.0011087322220523	0.000764642911760208	0.00182239893969516	0.0017331905999898	0.00384870265585971	0.000700922669113524	0.00295661925880614	0.000624458377937503	0.00091757149411225	0.00189886323087118
Coriobacteriales	0.00836009583524494	0.00369577407350767	0.00384870265585971	0.000815619105877555	0.0015930060661671	0.00216648824998726	0.00200081561910588	0.00642300045878575	0.0040526074323291	0.00178416679410715	0.0355813834939083	0.00247234541469134	0.00909925064994647	0.00365754192791966	0.00531426823673345	0.00951980425141459	0.000879339348524239	0.0212953050925218	0.00184788703675384	0.000688178620584187	0.00395065504409441	0.001210684610287	0.00196258347351787	0.000662690523525514	0.00335168476321558
Monoglobales	0.00670336952643116	0.00136361319263904	0.00174593464851914	0.0055054289646735	0.000853851251465566	0.000140184533822705	0.000127440485293368	5.09761941173472e-05	0	0.00901004231024112	0.000165672630881378	0.000165672630881378	0.000624458377937503	0.00149105367793241	0.000382321455880104	6.3720242646684e-05	5.09761941173472e-05	0	6.3720242646684e-05	0.000509761941173472	0.000420553601468114	0.0276163531630728	0.000586226232349493	0.00298210735586481	0.00155477392057909
Spirochaetales	0.000242136922057399	0	0	3.82321455880104e-05	0	0	0	0.000152928582352042	6.3720242646684e-05	7.64642911760208e-05	0.000101952388234694	5.09761941173472e-05	0.0205306621807616	0.000191160727940052	5.09761941173472e-05	0.000420553601468114	0.000127440485293368	0.000191160727940052	0.000101952388234694	0	0	2.54880970586736e-05	3.82321455880104e-05	0	0.000904827445582913
Fusobacteriales	0	5.09761941173472e-05	0	0	0	2.54880970586736e-05	0	0	0.000152928582352042	0	0	0.000407809552938778	0	0.000662690523525514	2.54880970586736e-05	0	5.09761941173472e-05	0.00132538104705103	0	7.64642911760208e-05	8.92083397053576e-05	0.000114696436764031	0.000254880970586736	0.0187974715807718	0.00028036906764541
Pseudomonadales	3.82321455880104e-05	1.27440485293368e-05	0.000560738135290819	2.54880970586736e-05	5.09761941173472e-05	0.000101952388234694	1.27440485293368e-05	0.0160575011469644	0.000395065504409441	0.00031860121323342	0.000191160727940052	0.000178416679410715	0	0.000930315542641586	0.000484273844114798	0.000509761941173472	0.000560738135290819	0.00122342865881633	0.000497017892644135	0.00522505989702809	0.000751898863230871	0.000305857164704083	0.000420553601468114	0.000229392873528062	0.000420553601468114
Christensenellales	0.000497017892644135	0.00115970841616965	0.00196258347351787	1.27440485293368e-05	0.000815619105877555	8.92083397053576e-05	7.64642911760208e-05	0.00129989294999235	0.000267625019116073	0.00059897028087883	0.000293113116174746	0.000114696436764031	0.00128714890146302	0.00983840546464801	0.000943059591170923	0.000305857164704083	0.00035683335882143	0.000853851251465566	0.000369577407350767	0.000509761941173472	0.000114696436764031	0.00327522047203956	0.000497017892644135	5.09761941173472e-05	0.000573482183820156
Gastranaerophilales	0.000165672630881378	3.82321455880104e-05	0.000203904776469389	7.64642911760208e-05	0.00885711372788908	7.64642911760208e-05	0.000178416679410715	0.000127440485293368	5.09761941173472e-05	7.64642911760208e-05	0	2.54880970586736e-05	1.27440485293368e-05	0.000165672630881378	0	0	0.000140184533822705	3.82321455880104e-05	0.000739154814701534	0.000802875057348218	0	0.000127440485293368	8.92083397053576e-05	0.000331345261762757	0.000165672630881378
Rhodospirillales	0	2.54880970586736e-05	0	0	0.000191160727940052	0	0	0	0	0	0.00482999439261865	0	0	0	8.92083397053576e-05	0	0	0	0	0	0	0	0.00848753632053831	0	0
Clostridia_vadinBB60_group	0.000127440485293368	0.0029438752102768	0.00804149462201152	0.000152928582352042	0.000484273844114798	8.92083397053576e-05	0	0.000904827445582913	0.000101952388234694	0.000267625019116073	0.000369577407350767	8.92083397053576e-05	0.000229392873528062	0.00573482183820156	0.0017331905999898	0.000203904776469389	0.000178416679410715	0	0.00152928582352042	0.00187337513381251	0	0.00155477392057909	0.000879339348524239	8.92083397053576e-05	0.000165672630881378
Izemoplasmatales	0.000127440485293368	0.000203904776469389	0.00764642911760208	7.64642911760208e-05	0.000178416679410715	0	3.82321455880104e-05	0	0	0	0	0	0	0	0.000458785747056125	0	0	0	0	0	0	3.82321455880104e-05	0.000114696436764031	1.27440485293368e-05	3.82321455880104e-05
Acidaminococcales	0.00115970841616965	0.000764642911760208	1.27440485293368e-05	0.00321150022939287	0.000242136922057399	0.00161849416322577	0.00118519651322832	0.0050211551205587	0.000726410766172198	0.000203904776469389	8.92083397053576e-05	3.82321455880104e-05	0.000229392873528062	0.00201355966763521	0.000293113116174746	0	3.82321455880104e-05	0.00191160727940052	0.00458785747056125	0.0070984350308406	7.64642911760208e-05	0	0.00103226793087628	0.000127440485293368	0.000433297649997451
Desulfovibrionales	0.00140184533822705	0.0039124228985064	0.000662690523525514	0.00567110159555488	0.000662690523525514	0.000101952388234694	0.000191160727940052	0.00095580363970026	0.000369577407350767	0.000407809552938778	0.000254880970586736	0.00028036906764541	0.00257429780292603	0.00582403017790692	0.000904827445582913	0.000815619105877555	0.00109598817352296	0.00156751796910843	0.00370851812203701	0.00593872661467095	0.000165672630881378	0.000586226232349493	0.00103226793087628	0.00200081561910588	0.00126166080440434
Halobacterales	0	0	0	0	0.00591323851761228	0	0	0	0	0	0	0	0	0	0	0	0.00383595860733038	0	0	0.000573482183820156	0.000662690523525514	0.000828363154406892	0.00141458938675638	0.000841107202936229	0.00313503593821685
Clostridia_UCG-014	0.000101952388234694	0	0.000127440485293368	5.09761941173472e-05	0.00263801804557272	0	0.000152928582352042	0.000254880970586736	0.000101952388234694	0.000713666717642861	0.000127440485293368	0.000127440485293368	0.000764642911760208	0.00136361319263904	0.00156751796910843	0.000140184533822705	0.000688178620584187	8.92083397053576e-05	0.000535250038232146	7.64642911760208e-05	0.000127440485293368	0.00579854208084824	0.000305857164704083	0.00107050007646429	0.00234490492939797
Oceanospirillales	0	0	0	0.00446041698526788	0	0	0	0	0	0	0	0	0	0	0	0	0	0	0	0.00308405974409951	0.002459601366162	0.0019753275220472	0.00433297649997451	0.00203904776469389	0.00488097058673599
RF39	0.000790131008818882	0.0029438752102768	0.000420553601468114	6.3720242646684e-05	0.00182239893969516	6.3720242646684e-05	7.64642911760208e-05	0.000879339348524239	7.64642911760208e-05	0.000242136922057399	0.000229392873528062	0	0.00063720242646684	0.00112147627058164	0.000407809552938778	0.000140184533822705	8.92083397053576e-05	6.3720242646684e-05	0.0011087322220523	0.00124891675587501	0.000101952388234694	0.00382321455880104	0.000331345261762757	0.000739154814701534	0.000649946474996177
Sphingobacteriales	0	0	7.64642911760208e-05	0	0	6.3720242646684e-05	0	0.00168221440587246	2.54880970586736e-05	0	0	0	3.82321455880104e-05	6.3720242646684e-05	0	0	0	0	5.09761941173472e-05	0.000114696436764031	0	0	0	0	0
Flavobacteriales	0	0	7.64642911760208e-05	0	0	0.000254880970586736	0	0.00163123821175511	0	3.82321455880104e-05	0	0	0	2.54880970586736e-05	0	0	0	2.54880970586736e-05	0	0.000140184533822705	0	0	0	0	0
Clostridia	0	0	0	0.000662690523525514	0	0	0	0	0	0	0	0	0	0	0	0	0	0	0	0.000573482183820156	0.000407809552938778	0.000611714329408167	0.000662690523525514	0.000458785747056125	0.00151654177499108
Micrococcales	5.09761941173472e-05	3.82321455880104e-05	0.00149105367793241	0.000114696436764031	0.000127440485293368	0.00028036906764541	5.09761941173472e-05	0.000611714329408166	2.54880970586736e-05	0	0	6.3720242646684e-05	0	0	8.92083397053576e-05	0	2.54880970586736e-05	7.64642911760208e-05	6.3720242646684e-05	0.000344089310292094	0	5.09761941173472e-05	6.3720242646684e-05	5.09761941173472e-05	0.000114696436764031
Elusimicrobiales	6.3720242646684e-05	0	0	0	0	0	0.000369577407350767	5.09761941173472e-05	1.27440485293368e-05	0.000140184533822705	7.64642911760208e-05	8.92083397053576e-05	0.000777386960289545	0.000165672630881378	6.3720242646684e-05	0	7.64642911760208e-05	6.3720242646684e-05	0.00124891675587501	2.54880970586736e-05	3.82321455880104e-05	0.00100677983381761	8.92083397053576e-05	3.82321455880104e-05	0.000395065504409441
